# Yellow Taxi 데이터 분석 리포트

생성 일시: 2026-07-21 18:16:51

## 1. 데이터 로딩 비교 (Pandas vs Polars)

| 구분 | 행 수 | 컬럼 수 |
| --- | --- | --- |
| Pandas | 4076605 | 20 |
| Polars | 4076605 | 20 |

Pandas와 Polars 로딩 결과의 행 수가 일치합니다.

## 2. 기술통계 (평균/표준편차/분위수)

|       |   trip_distance |   fare_amount |   tip_amount |   RatecodeID |   PULocationID |   DOLocationID |   passenger_count |
|:------|----------------:|--------------:|-------------:|-------------:|---------------:|---------------:|------------------:|
| count |      4.0766e+06 |    4.0766e+06 |   4.0766e+06 |   4.0766e+06 |     4.0766e+06 |     4.0766e+06 |        4.0766e+06 |
| mean  |      4.96028    |   21.6692     |   2.98719    |   4.22251    |   162.114      |   161.84       |        1.18597    |
| std   |    484.459      |   18.761      |   4.01815    |  17.9437     |    67.021      |    70.7121     |        0.566204   |
| min   |      0          |    0          |   0          |   0          |     1          |     1          |        0          |
| 25%   |      1.04       |   10          |   0          |   1          |   114          |   108          |        1          |
| 50%   |      1.88       |   16.3        |   2.25       |   1          |   161          |   162          |        1          |
| 75%   |      3.82       |   26.8        |   4.11       |   1          |   234          |   234          |        1          |
| max   | 307491          | 5525.99       | 239          |  99          |   265          |   265          |        9          |

## 3. 변수 간 상관계수

|                 |   trip_distance |   fare_amount |   tip_amount |   RatecodeID |   PULocationID |   DOLocationID |   passenger_count |
|:----------------|----------------:|--------------:|-------------:|-------------:|---------------:|---------------:|------------------:|
| trip_distance   |      1          |    0.00796583 |   0.00174596 |   0.00124677 |    -0.00189562 |    -0.00130053 |       -0.00088663 |
| fare_amount     |      0.00796583 |    1          |   0.424333   |   0.132746   |    -0.112812   |    -0.0882601  |        0.0236768  |
| tip_amount      |      0.00174596 |    0.424333   |   1          |  -0.124218   |    -0.00492159 |     0.00585994 |        0.0996841  |
| RatecodeID      |      0.00124677 |    0.132746   |  -0.124218   |   1          |    -0.105153   |    -0.0959255  |       -0.0552361  |
| PULocationID    |     -0.00189562 |   -0.112812   |  -0.00492159 |  -0.105153   |     1          |     0.085729   |        0.0111028  |
| DOLocationID    |     -0.00130053 |   -0.0882601  |   0.00585994 |  -0.0959255  |     0.085729   |     1          |        0.013923   |
| passenger_count |     -0.00088663 |    0.0236768  |   0.0996841  |  -0.0552361  |     0.0111028  |     0.013923   |        1          |

## 4. t-test: 단독 승객 vs 동승 승객의 tip_amount 비교

- 단독 승객(1명) 평균 tip_amount: 2.7928
- 동승 승객(2명 이상) 평균 tip_amount: 4.2456
- t-statistic: -214.3810
- p-value: < 1e-300 (float64 정밀도 이하)

p-value(< 1e-300 (float64 정밀도 이하)) < 유의수준(0.05) 이므로 귀무가설을 기각합니다. 단독 승객과 동승 승객 그룹의 tip_amount 평균은 통계적으로 유의미하게 다릅니다.

혼자 탄 승객과 2명 이상 같이 탄 승객의 팁 금액 차이(약 2.79달러 vs 4.25달러)는 단순한 우연이 아니라, 실제로 동승 승객이 팁을 더 많이 주는 명확한 차이가 존재합니다.

## 5. Cramér's V: 승객 그룹 x 팁 등급 연관성

| row_0     |   무팁(0) |   저(0~2) |   중(2~5) |   고(5+) |
|:----------|--------:|---------:|---------:|--------:|
| 단독(1명)    | 1419083 |   368676 |  1179125 |  556170 |
| 동승(2명 이상) |  106704 |    66227 |   234954 |  133142 |

- chi2: 89067.5970
- p-value: < 1e-300 (float64 정밀도 이하)
- Cramér's V: 0.1480 (약함 (weak))

Cramér's V = 0.1480 → 연관성 강도: 약함 (weak). p-value는 표본 수가 커지면 쉽게 작아지므로, 표본 크기에 덜 민감한 Cramér's V로 실질적인 연관성 강도를 함께 판단해야 합니다.

## 6. 모델 학습 결과 (passenger_count 분류)

- 정확도(Accuracy): 0.8277
- F1 점수(Weighted): 0.7954
- 모델 저장 경로: `/Users/huijung_jeong/Desktop/workspace/Skala-Team-Practice/passenger_count_model.joblib`

## 7. 시각화 차트

- [trip_distance 분포 (Seaborn)](outputs/distribution_seaborn.png)
- [trip_distance 분포 (Plotly)](outputs/distribution_plotly.html)
- [피처 간 상관관계 (Seaborn)](outputs/correlation_seaborn.png)
- [피처 간 상관관계 (Plotly)](outputs/correlation_plotly.html)
- [승객 수별 fare_amount 비교 (Seaborn)](outputs/group_comparison_seaborn.png)
- [승객 수별 fare_amount 비교 (Plotly)](outputs/group_comparison_plotly.html)
